lat,lng,categories,severity
120.0766393048951,9.715838350233147,2,2
120.07700177622378,12.374859329254145,0,0
120.07696354545456,12.334460727855532,2,2
120.07695922307693,12.321167021561848,2,2
120.07692269090909,12.455551636946453,0,0
120.07690074405596,12.4625726159674,1,2
120.0768880888112,12.3127334551283,1,2
120.07687502657342,12.350041147435954,1,2
120.07683333286712,12.4096984900933,0,0
120.07681942657342,12.45444674184156,0,0
120.07676515454546,13.016985203380008,1,2
120.07675278181816,12.960278909673711,1,2
120.07670385174823,13.068069119463928,1,2
120.07669615244755,13.051719469114271,1,2
120.07668546503496,13.063257930652751,1,2
120.0766822972028,13.1302019865968,1,2
120.07666290349653,12.505376811771622,2,2
120.076662,12.488551636946449,2,2
120.07664567622378,11.629922266317074,0,0
120.07664316503497,11.405859329254117,0,0
120.07663820069928,10.519334853729656,2,2
120.07663663986014,10.414334853729672,2,2
120.07663342307691,8.841859329254145,1,3
120.0766336958042,8.936467720862533,1,3
120.07663352587412,8.901027161421936,1,3
120.07663678041958,9.39281037820519,0,0
120.07663624475524,9.27223695163178,0,0
120.0766361,9.179383804778572,0,0
120.07666712657344,8.807425762820568,0,0
120.07666832027972,8.44166352505831,0,0
120.07666966363637,8.051551636946458,0,0
120.0766701125874,7.567943245338109,0,0
120.07667027132868,7.025243944638863,0,0
120.07667384055944,5.4617334551282655,0,0
120.07667486643356,5.060929259324058,0,0
120.07667677552448,4.704369818764606,0,0
120.0766789986014,4.349530657925437,0,0
120.07668031048952,3.998397790792598,0,0
120.07668233916084,3.731034154428956,1,2
120.07668445454546,3.465915273310073,1,2
120.07668555034964,3.2408803082751194,1,2
120.07668777832168,2.711446741841518,1,2
120.0766886,2.573551636946437,1,2
120.07668887972028,2.3867824061772165,1,2
120.0766905,2.1978243642191684,1,2
120.07668936713289,2.3887754131702588,1,2
120.07668767762236,3.0568523362471973,0,0
120.07668563496505,3.2519921963869605,0,0
120.07668551048953,3.6521390495338006,0,0
120.07668424405594,3.633201986596848,0,0
120.07668295314686,3.502607581002396,0,0
120.07667697832169,7.977705483100313,0,0
120.0766745041958,9.748460727855544,0,0
120.07667563426574,10.05513205652689,0,0
120.07668053006994,10.774446741841546,0,0
120.07668105174824,10.663481706876516,0,0
120.07670507272728,11.668642546037356,0,0
120.07670546433566,11.8056495390443,0,0
120.07671021958042,12.44324394463878,0,0
120.0767111111888,12.566362825757642,0,0
120.07665973286711,19.17156562296041,1,2
120.07665922587412,19.16495723135206,1,2
120.07666065594404,19.675873315268102,0,0
120.0766605,19.761341846736656,0,0
120.07666021748253,19.77437681177162,0,0
120.07277865804195,15.29477541317024,1,2
120.07277795454546,15.27482436421925,1,2
120.07277136923076,15.269090098484924,0,0
120.07277091958042,15.335789399184192,0,0
120.0727682776224,15.83144674184154,0,0
120.07276777062935,15.852013175407953,1,2
120.07276756713289,15.830824364219142,1,2
120.06953951048952,20.09513904953388,0,0
120.06950783706291,20.04781037820518,0,0
120.06947085174824,20.030153035547865,0,0
120.06942681258742,19.95074744114225,0,0
120.0693982867133,19.92390828030309,0,0
120.06936128181816,19.93727890967372,0,0
120.0693196097902,19.97767051806533,0,0
120.0692709006993,19.906712476107288,0,0
120.06924328951048,19.88485932925414,0,0
120.0679420181818,19.940915273310136,2,2
120.067900586014,19.836271916666785,2,2
120.06759176153848,19.145705483100304,0,0
120.06755905314684,19.02157960897449,0,0
120.06731733986014,18.703432755827528,0,0
120.06728507622378,18.78212506351988,0,0
120.06725843076924,18.792628560023346,0,0
120.067197913986,18.458600587995267,0,0
120.067164506993,18.18964254603737,0,0
120.06706528181816,18.25318800058295,1,2
120.0670311895105,18.132048140442947,1,2
120.06699688671328,18.096481706876546,1,2
120.06696202027972,18.006964224359127,1,2
120.06692712517484,17.935495692890505,1,2
120.06689247692309,17.8605516369465,1,2
120.066857686014,17.704041147436058,1,2
120.06682284125874,17.643950238345138,1,2
120.06639665804197,16.840530657925232,0,0
120.0663651013986,16.76307611247095,0,0
120.06571481048952,8.136943245338312,0,0
120.06571108251748,8.032915273310124,0,0
120.06570765454543,7.928733455128349,0,0
120.06570236713289,7.802208979603793,1,2
120.06570026783216,7.818740448135315,1,2
120.06569862097902,7.714048140443267,1,2
120.0656952,7.615132056526882,2,2
120.06569494685314,7.462677511072301,0,0
120.065695,7.373537650932537,0,0
120.0656949,7.328922266317106,1,2
120.06569497972028,7.249985203380064,1,2
120.06569075594406,7.058208979603922,0,0
120.06568894615384,7.021320867715721,0,0
120.06565804125871,6.983817371212207,0,0
120.06546554545454,7.929243944638771,2,2
120.06545171678322,8.043698490093416,2,2
120.05861883006992,17.78938380477863,0,0
120.05857896713287,17.68161457400974,0,0
120.05694668111887,14.812705483100329,2,2
120.05691427832168,14.863922266317086,2,2
120.05688126503496,14.916530657925456,0,0
120.05684714405594,14.964299888694711,0,0
120.05585115244754,15.977376811771627,1,2
120.055850086014,15.963593594988296,1,2
120.05584927272729,15.984460727855508,1,2
120.05584665174824,15.863243944638796,0,0
120.0558468,15.836964224359038,0,0
120.05584675524476,15.828181007575798,0,0
120.07663820069928,10.519334853729656,0,0
120.0766336958042,8.936467720862533,1,1
120.07663352587412,8.901027161421936,1,1
120.07664263146852,10.720992196387016,1,1
120.07664423846154,10.941551636946455,1,1
120.07665713216784,12.211264923659735,1,1
120.07665752727272,12.08900618240108,1,1
120.0766582951049,11.6918803082752,1,1
120.0766886,2.573551636946437,1,1
120.07668887972028,2.3867824061772165,1,1
120.07269181538462,18.69278939918421,1,2
120.07267375594404,18.706761427156263,1,2
120.07265332867134,18.69754464393945,1,2
120.06777708531467,19.56174744114236,1,1
120.06746444545456,18.87255163694644,1,1
120.0658637,15.321712476107344,1,2
120.06586362937064,15.212677511072268,1,2
120.0658635,15.099537650932568,1,2
120.0658633,15.045971217366011,1,2
120.07659762097904,13.624740448135247,1,2
120.0769462090909,12.18952366491848,1,2
120.07691220769232,12.446048140442947,0,0
120.07684733076924,12.327705483100283,1,2
120.07669615244755,13.051719469114271,1,2
120.07668997692308,13.029761427156243,1,2
120.0766581,12.307663525058338,0,0
120.07665731888112,12.293355832750594,0,0
120.07665543706294,12.208866322261134,1,2
120.07665433496504,12.178894294289114,1,2
120.0766355,9.58437681177162,1,2
120.07663497482515,9.441656532051343,1,2
120.07663286713289,8.947950238345046,0,0
120.07663287272727,8.906097091491901,0,0
120.0766331,8.879027161421975,0,0
120.07663348041956,8.89683135722614,0,0
120.0766335,8.942250937645756,0,0
120.0766330951049,8.866174014568827,0,0
120.07663342307691,8.841859329254145,0,0
120.0766336958042,8.936467720862533,0,0
120.07663352587412,8.901027161421936,0,0
120.0766334,8.886614574009384,0,0
120.07663675874126,9.417341846736663,0,0
120.07663834475524,9.923747441142272,1,2
120.0766394,10.207446741841553,1,2
120.07663981048952,10.196264923659731,1,2
120.07664087622378,10.359908280303117,1,2
120.07664153776224,10.44562156701638,0,0
120.07664263146852,10.720992196387016,0,0
120.07664423846154,10.941551636946455,0,0
120.07664573636364,11.106188000582833,0,0
120.07664667622376,11.25799219638701,0,0
120.07664795944056,11.440236951631771,1,3
120.07664843286716,11.626838350233172,1,3
120.07664933356642,11.803432755827586,1,3
120.07665203006994,11.854719469114276,0,0
120.07665302447552,11.919055133449946,0,0
120.0766539902098,11.989062126456938,0,0
120.07665497062938,12.05368450407932,0,0
120.07665544615384,12.081013175407984,0,0
120.07665632167831,12.188327860722708,0,0
120.07665713216784,12.211264923659735,0,0
120.0766582951049,11.6918803082752,1,3
120.0766588,11.320796392191204,1,3
120.07666005734266,11.1833977907926,1,3
120.07667551048952,7.9877194691142845,0,0
120.07667611748252,8.236215972610687,0,0
120.07667673916085,8.506299888694743,0,0
120.07667653076923,8.665551636946454,0,0
120.07669726083915,10.839236951631776,1,2
120.07669909510489,11.05395023834504,1,2
120.07509011468532,10.474852336247103,0,0
120.07506193286711,10.459411776806585,0,0
120.0750017062937,10.449390797785556,0,0
120.07496933636364,10.4002928956877,0,0
120.07493605244755,10.428048140442918,0,0
120.07490127272727,10.398460727855602,0,0
120.07486527202796,10.39325093764586,0,0
120.07482755244754,10.381663525058338,0,0
120.07478703076924,10.345320867715682,0,0
120.07466146783216,10.412222965617756,0,0
120.0746195776224,10.524181007575796,0,0
120.0745356972028,10.657943245338052,1,2
120.07449359020978,10.730551636946448,1,2
120.07440922657342,10.786167021561791,1,2
120.07436720909092,10.785006182400997,1,2
120.07391396993008,11.334705483100237,0,0
120.07387563846154,11.452243944638637,0,0
120.07383747272726,11.566551636946524,0,0
120.0737998832168,11.61860758100238,0,0
120.0737625006993,11.653292895687672,0,0
120.07368876993009,11.7745656229603,1,2
120.07365231468532,11.910593594988386,1,2
120.07361583426572,11.984090098484796,1,2
120.0735800986014,12.125936252330993,0,0
120.07354525104896,12.263551636946447,0,0
120.07318453286712,13.088628560023386,1,2
120.07316203846152,13.190243944638768,1,2
120.07313828461538,13.264369818764632,0,0
120.0729817097902,13.729684504079328,1,2
120.07296845384614,13.99093625233105,1,2
120.07276806153848,18.484397790792595,1,2
120.0727679,18.5314886998835,1,2
120.07276715314686,18.6504677208625,0,0
120.07276526853148,18.65088030827512,0,0
120.07276234125874,18.65404814044297,0,0
120.072757693007,18.654747441142224,0,0
120.07250644825174,18.825523664918656,0,0
120.072478693007,18.82122296561776,0,0
120.07244725384616,18.83955163694645,1,2
120.0724142944056,18.88874044813533,1,2
120.0723805090909,18.910593594988427,1,2
120.0698467,19.417006182401,1,2
120.06981243846154,19.567222965617777,1,2
120.06977027692308,19.686404783799595,1,2
120.069736806993,19.78757960897442,1,2
120.06969127272728,19.896006182400992,1,2
120.06965350909093,19.95264254603736,0,0
120.06953951048952,20.09513904953388,0,0
120.06950783706291,20.04781037820518,0,0
120.06947085174824,20.030153035547865,0,0
120.06942681258742,19.95074744114225,0,0
120.0693196097902,19.97767051806533,0,0
120.0692709006993,19.906712476107288,0,0
120.06746444545456,18.87255163694644,1,2
120.06743167342655,18.836292895687667,1,2
120.0674018951049,18.78973345512829,1,2
120.0670311895105,18.132048140442947,1,2
120.06699688671328,18.096481706876546,1,2
120.06639665804197,16.840530657925232,1,2
120.0663651013986,16.76307611247095,1,2
120.06633444265734,16.68297121736604,1,2
120.06630609370627,16.512278909673853,0,0
120.06622546363636,16.60946072785555,0,0
120.0662002923077,16.48916702156183,0,0
120.06617612377622,16.827292895687684,0,0
120.0661526006993,16.969320867715673,0,0
120.06613008461538,17.086936252331107,0,0
120.06610877552448,17.205558629953348,0,0
120.06608856993007,17.211992196386895,0,0
120.06606893706294,17.18367751107235,1,2
120.0660506111888,17.0741810075758,1,2
120.06603288531468,17.065810378205065,1,2
120.06601588391608,16.998034154429025,1,2
120.06586404685316,16.00012506351965,0,0
120.065864,15.872950238345087,0,0
120.0657543993007,8.694495692890403,1,2
120.06574753706296,8.57700618240097,1,2
120.0657408818182,8.537362825757633,1,2
120.06573453076923,8.540530657925583,1,2
120.06569696993007,7.263355832750635,0,0
120.0656968916084,7.542306881701731,0,0
120.065695393007,7.661320867715653,1,2
120.0656952,7.615132056526882,1,2
120.0656949,7.328922266317106,0,0
120.06569497972028,7.249985203380064,0,0
120.0656949,7.184208979603772,0,0
120.06569476923076,7.156397790792591,0,0
120.0656947,7.07346072785562,1,2
120.0656946,7.064327860722448,1,2
120.06563503846156,7.081859329254171,0,0
120.06562594335664,7.118656532051308,0,0
120.05953886923076,20.069705483100297,0,0
120.05950025384617,20.055167021561832,0,0
120.05891641538462,18.623782406177234,0,0
120.05887437902098,18.646174014568896,0,0
120.05882587832168,18.47179639219124,0,0
120.05781742167832,15.70905513345009,0,0
120.0577669048951,15.59283835023316,0,0
120.05773008881118,15.471712476107289,0,0
120.05647773846154,15.56085932925413,1,2
120.05645536153848,15.56690128729612,1,2
120.05640705384614,15.595299888694695,1,2
120.05638529090908,15.626460727855576,1,2
120.05627573916084,15.651383804778622,1,2
120.05625327692309,15.568383804778591,1,2
120.05623122307692,15.584705483100318,1,2
120.05612225944056,15.862761427156212,0,0
120.05610163636364,15.856915273310124,0,0
120.07693946363636,12.212013175407993,0,0
120.07693143776224,12.239754434149246,0,0
120.07663286713289,8.947950238345046,1,2
120.07663287272727,8.906097091491901,1,2
120.0766372,9.369006182400998,1,1
120.07663753846154,9.381859329254125,1,1
120.07664795944056,11.440236951631771,1,1
120.07664843286716,11.626838350233172,1,1
120.07667677552448,4.704369818764606,1,1
120.0766789986014,4.349530657925437,1,1
120.07668233916084,3.731034154428956,0,0
120.07668445454546,3.465915273310073,0,0
120.07668555034964,3.2408803082751194,0,0
120.07668887972028,2.3867824061772165,1,1
120.0766905,2.1978243642191684,1,1
120.07667563426574,10.05513205652689,0,0
120.07633321888112,16.086838350233155,0,0
120.07638518951048,15.64827890967372,0,0
120.07661916153846,13.432775413170216,0,0
120.07664116573427,13.270971217366029,0,0
120.07666361538462,12.9930900984849,0,0
120.07697332517483,11.370712476107272,1,2
120.07697914545454,11.405838350233156,1,2
120.07698930769232,11.592313874708688,0,0
120.0769955111888,11.67724394463876,0,0
120.0769980972028,11.915985203380018,0,0
120.07700123356643,12.682887301282111,0,0
120.07698885524476,12.65986632226112,1,2
120.076986706993,12.5852998886947,1,2
120.07697484265734,12.337516671911484,0,0
120.07697195734266,12.36869149708631,0,0
120.07693946363636,12.212013175407993,0,0
120.0766822972028,13.1302019865968,0,0
120.07668047972028,13.173838350233163,0,0
120.07667656363635,13.108188000582814,0,0
120.07664316503497,11.405859329254117,0,0
120.0766403111888,11.022167021561833,0,0
120.0766371,10.07111807051288,0,0
120.07663638181818,9.887460727855537,0,0
120.0766359,9.699628560023362,0,0
120.0766355,9.58437681177162,0,0
120.07663497482515,9.441656532051343,0,0
120.07663470209788,9.294964224359,1,1
120.07663391398602,9.183299888694664,1,1
120.07663395384616,9.158013175407982,1,1
120.07663371888113,9.14357261596743,1,1
120.07663312587412,9.088174014568828,0,0
120.07663314125874,9.03215303554784,0,0
120.07666590629373,9.083600587995392,1,1
120.07666712657344,8.807425762820568,1,1
120.07666832027972,8.44166352505831,1,1
120.07666966363637,8.051551636946458,1,1
120.0766701125874,7.567943245338109,0,0
120.07667258811188,6.348971217366031,0,0
120.07667196223775,6.094020168414986,0,0
120.07667183846154,5.845936252331013,0,0
120.07667384055944,5.4617334551282655,0,0
120.07667486643356,5.060929259324058,0,0
120.0766789986014,4.349530657925437,1,2
120.07668031048952,3.998397790792598,1,2
120.07668233916084,3.731034154428956,1,2
120.07668445454546,3.465915273310073,0,0
120.07668555034964,3.2408803082751194,1,2
120.07668648391608,3.0023838047786087,1,2
120.07668777832168,2.711446741841518,1,2
120.0766886,2.573551636946437,1,2
120.07668887972028,2.3867824061772165,1,2
120.0766905,2.1978243642191684,0,0
120.07668936713289,2.3887754131702588,0,0
120.07668767762236,3.0568523362471973,1,2
120.07668563496505,3.2519921963869605,1,2
120.07668551048953,3.6521390495338006,1,2
120.07668295314686,3.502607581002396,0,0
120.0766756,9.783880308275132,0,0
120.0766745041958,9.748460727855544,0,0
120.07667563426574,10.05513205652689,0,0
120.07667923356644,10.587488699883522,0,0
120.07668815944056,10.640355832750643,0,0
120.07669033006994,10.705852336247148,0,0
120.07670224195805,11.430425762820557,1,2
120.07670274685316,11.484174014568817,1,2
120.07670927062938,12.292551636946447,1,1
120.07671021958042,12.44324394463878,1,1
120.0767161041958,13.26462156701632,1,1
120.07671618251749,13.314208979603748,1,1
120.07671562797204,13.46252366491839,1,1
120.07671523846156,13.83962856002337,0,0
120.07671436853148,13.834572615967442,0,0
120.07671503776224,14.128257930652742,0,0
120.07671564125874,14.230852336247148,0,0
120.0767183923077,14.757481706876575,0,0
120.07672094125874,15.181880308275147,0,0
120.07672401048951,15.538908280303096,0,0
120.07672513006992,15.795719469114257,0,0
120.07672346223777,15.771111077505893,0,0
120.07671536713288,15.24326492365972,0,0
120.076712293007,14.885041147435905,0,0
120.0767000958042,13.355691497086308,0,0
120.0766978916084,13.344327860722688,0,0
120.07669614615384,13.423397790792585,0,0
120.0766656958042,17.402236951631775,0,0
120.07666468181816,17.663278909673664,0,0
120.0766636,17.869803385198196,0,0
120.07665922587412,19.16495723135206,1,2
120.0766586,19.13584534324017,1,2
120.07665846783216,19.164348839743663,1,2
120.07666106153846,19.55570548310025,0,0
120.0766607,19.569957231352028,0,0
120.076661,19.62323695163176,0,0
120.07666047552448,19.727817371212183,1,2
120.0766605,19.761341846736656,1,2
120.07666047202795,19.798376811771487,0,0
120.0766604888112,19.8272089796038,0,0
120.07666016853148,19.779236951631763,0,0
120.0766594,19.701551636946448,0,0
120.07666066503496,19.20815303554786,1,2
120.07666103846154,19.145397790792604,1,2
120.07666135454544,19.05373345512828,0,0
120.0766617,19.103146042540885,0,0
120.0766619,19.143691497086305,1,2
120.07666166503496,19.12875443414925,1,2
120.07666156293706,19.138362825757635,1,2
120.0766607902098,19.16853765093241,0,0
120.07665776923078,19.70493625233107,1,2
120.0766576,19.748383804778584,1,2
120.0766564,19.662551636946446,1,2
120.07665370489512,19.375859329254187,1,1
120.07665406433568,19.442327860722685,1,1
120.0727674,17.05467751107232,1,2
120.0727676,17.07455163694643,1,2
120.0727677,17.108649539044364,1,2
120.0727678,17.172013175407923,0,0
120.07276783496503,17.24330688170168,0,0
120.072768,17.310146042540826,0,0
120.07276827202796,17.33955163694645,0,0
120.07276837552448,17.34250967890449,0,0
120.0727685,17.47299219638699,0,0
120.0727685,18.17498520338,0,0
120.07276842027971,18.254013175407977,0,0
120.07276842797202,18.32459359498841,1,2
120.07276836853148,18.38618100757581,1,2
120.07276826503497,18.44495023834504,1,2
120.06773742237765,19.446292895687705,1,2
120.06769905104896,19.35798520338007,1,2
120.06766199510488,19.244020168415044,1,2
120.06762634685316,19.19262856002333,1,2
120.06755905314684,19.02157960897449,0,0
120.06752804895105,18.964901287296133,0,0
120.0674018951049,18.78973345512829,0,0
120.06737511048952,18.735097091491905,0,0
120.06731733986014,18.703432755827528,0,0
120.067197913986,18.458600587995267,0,0
120.06706528181816,18.25318800058295,0,0
120.0670311895105,18.132048140442947,0,0
120.06586853566434,16.485817371212374,0,0
120.065867,16.372160028555104,0,0
120.0658633,15.045971217366011,0,0
120.0658631,14.93727191666678,0,0
120.0658598,14.103999189393983,1,1
120.06585950349653,14.027838350233388,1,1
120.06585927202798,14.03742576282072,1,1
120.0658588,14.029104084498892,0,0
120.06585817692309,13.849320867715686,0,0
120.065858,13.706348839743658,0,0
120.0658577,13.388712476107292,0,0
120.0658574888112,13.316432755827538,0,0
120.06585735734268,13.255978210373026,0,0
120.0658574,13.181139049533783,0,0
120.06585744685316,13.13657261596749,1,1
120.06585764895104,13.117083105477928,1,1
120.06585782447551,13.115229958624964,1,1
120.0658538125874,12.762243944638753,0,0
120.06571873076923,8.287551636946551,0,0
120.06571481048952,8.136943245338312,0,0
120.06570236713289,7.802208979603793,1,1
120.06570026783216,7.818740448135315,1,1
120.0656947,7.852411776806679,1,2
120.06569474125874,7.896551636946449,1,2
120.06569537412588,7.650257930652723,1,2
120.06569537762238,7.552726462121311,1,2
120.06569558111887,7.382460727855593,1,2
120.0656959,7.292551636946448,1,2
120.0656961,7.275167021561837,1,2
120.06569620349651,7.622621567016385,0,0
120.0656959,7.619551636946448,0,0
120.065695393007,7.661320867715653,0,0
120.0656952,7.615132056526882,0,0
120.0656941,7.066894294289247,0,0
120.06569384055943,7.08422296561777,0,0
120.06568486433568,7.040824364219293,0,0
120.06568227972028,7.018215972610785,0,0
120.06567897272728,6.979278909673704,0,0
120.06567495314684,6.971649539044215,0,0
120.06566438181818,6.991579608974419,1,2
120.06565804125871,6.983817371212207,1,2
120.06556862727273,7.2231880005827325,1,2
120.06555707552448,7.222600587995392,1,2
120.06543750909093,8.177006182401076,0,0
120.06542309090908,8.25016002855486,0,0
120.0652393818182,9.134097091491917,1,2
120.0652239846154,9.19785932925419,1,2
120.06520763496503,9.278020168415155,1,2
120.0650859916084,9.62653765093236,1,2
120.06506944825176,9.74748170687651,1,2
120.06504823356644,9.79124394463872,1,2
120.06503084615385,9.821090098484891,0,0
120.06469453846154,11.42915303554781,1,2
120.06467278111889,11.401404783799633,1,2
120.06465089510488,11.386838350233168,1,2
120.05588673846154,16.017782406177275,0,0
120.07633316713289,9.918740448135305,0,0
120.0763249951049,10.540174014568835,0,0
120.0763490986014,16.404118070512883,1,2
120.07635743636364,16.393915273310082,1,2
120.07661916153846,13.432775413170216,0,0
120.07664116573427,13.270971217366029,0,0
120.07681971818182,11.908188000582806,1,2
120.07683298111888,11.725831357226172,1,2
120.07684648321678,11.755985203380009,0,0
120.07694886923078,12.530320867715677,1,2
120.07695464265734,12.395467720862529,1,2
120.07696011888112,12.220824364219173,1,2
120.07696642727272,11.853188000582792,1,2
120.07696354545456,12.334460727855532,0,0
120.07695922307693,12.321167021561848,0,0
120.07695365594404,12.297621567016373,0,0
120.0769462090909,12.18952366491848,0,0
120.07693946363636,12.212013175407993,0,0
120.07690074405596,12.4625726159674,0,0
120.0768880888112,12.3127334551283,0,0
120.07687502657342,12.350041147435954,0,0
120.07316203846152,13.190243944638768,0,0
120.07313828461538,13.264369818764632,0,0
120.07277,15.561041147435896,0,0
120.07276466783216,16.646341846736654,1,2
120.0727647,17.14701317540804,0,0
120.0727647881119,17.14683835023316,0,0
120.0727649916084,17.135894294289127,1,2
120.0727653,17.108523664918422,1,2
120.0727654,17.124971217366138,1,2
120.0727685,17.47299219638699,1,2
120.0727686,17.462719469114262,1,2
120.072768493007,17.513292895687673,1,2
120.07276234125874,18.65404814044297,1,2
120.072757693007,18.654747441142224,1,2
120.07260916853149,18.68243974883456,0,0
120.07258460699302,18.77276142715628,0,0
120.07080603566436,19.04969149708631,1,2
120.07663312587412,9.088174014568828,0,0
120.07663314125874,9.03215303554784,0,0
120.07663286713289,8.947950238345046,0,0
120.07663287272727,8.906097091491901,0,0
120.0766372,9.425292895687706,1,2
120.07663678041958,9.39281037820519,1,2
120.07663624475524,9.27223695163178,1,2
120.07664573636364,11.106188000582833,1,2
120.0766539902098,11.989062126456938,1,2
120.07665497062938,12.05368450407932,1,2
120.07665544615384,12.081013175407984,1,2
120.07666514895104,9.43472646212126,1,2
120.07666590629373,9.083600587995392,1,2
120.07666712657344,8.807425762820568,1,2
120.07666832027972,8.44166352505831,1,2
120.07668563496505,3.2519921963869605,0,0
120.07668551048953,3.6521390495338006,0,0
120.07668424405594,3.633201986596848,0,0
120.07659020909092,16.624097091491937,1,2
120.07658193146852,16.62155163694645,1,2
120.074077906993,10.985320867715682,0,0
120.07403582097902,10.954188000582802,0,0
120.07276836853148,18.38618100757581,0,0
120.07276526853148,18.65088030827512,0,0
120.07255900909092,18.80584534324016,0,0
120.0725333160839,18.78466352505837,0,0
120.0681434902098,20.2205166719115,1,2
120.06810371398602,20.13126492365974,1,2
120.06781799650348,19.613509678904485,1,2
120.06777708531467,19.56174744114236,1,2
120.06766199510488,19.244020168415044,1,2
120.06752804895105,18.964901287296133,0,0
120.06746444545456,18.87255163694644,1,2
120.06743167342655,18.836292895687667,1,2
120.06655391608392,17.195859329254127,0,0
120.06652176153848,17.21232086771578,0,0
120.06601588391608,16.998034154429025,2,2
120.06600013076924,17.034985203379986,2,2
120.06598512307691,17.02809009848501,2,2
120.06589524335664,16.811460727855508,1,2
120.06588992237762,16.71155163694645,1,2
120.06588517692308,16.638090098484813,1,2
120.06585764895104,13.117083105477928,2,2
120.06585782447551,13.115229958624964,2,2
120.07663352587412,8.901027161421936,2,2
120.07667384055944,5.4617334551282655,2,1
120.07667486643356,5.060929259324058,2,1
120.07668381608391,4.34701317540802,0,0
120.07668451608392,5.170901287296142,2,1
120.0766847,5.353859329254141,2,1
120.0766656958042,17.402236951631775,0,0
120.076665,17.419950238345002,0,0
120.07665846783216,19.164348839743663,0,0
120.07666106153846,19.55570548310025,1,1
120.0766607,19.569957231352028,1,1
120.07666047552448,19.727817371212183,0,0
120.0766605,19.761341846736656,0,0
120.07666066503496,19.20815303554786,1,2
120.07666103846154,19.145397790792604,1,2
120.07666143216782,19.11106212645697,1,2
120.07666135454544,19.05373345512828,1,2
120.0766617,19.103146042540885,1,2
120.0766576,19.748383804778584,1,3
120.0766564,19.662551636946446,1,3
120.0766526,19.44420198659674,0,0
120.0766526,19.463334853729663,0,0
120.07490127272727,10.398460727855602,0,0
120.07440922657342,10.786167021561791,0,0
120.07436720909092,10.785006182400997,0,0
120.07432524615383,10.801243944638758,0,0
120.07428325594404,10.837838350233175,0,0
120.0742418034965,10.828782406177222,0,0
120.07420065804196,10.837027161421965,0,0
120.07415993006992,10.807761427156247,0,0
120.07411948811188,10.893167021561752,0,0
120.074077906993,10.985320867715682,0,0
120.07403582097902,10.954188000582802,0,0
120.0739940062937,11.036936252331111,0,0
120.07395246923078,11.165775413170214,0,0
120.07387563846154,11.452243944638637,1,2
120.07383747272726,11.566551636946524,1,2
120.07311466783216,13.346362825757645,0,0
120.0730105020979,13.85170548310025,0,0
120.0729960937063,13.63556562296044,0,0
120.07292352797202,13.977677511072356,0,0
120.07291334125874,14.038684504079312,0,0
120.0729036937063,14.048544643939456,0,0
120.07289439090908,14.124460727855531,0,0
120.0728445034965,13.793516671911462,0,0
120.07284075664336,13.89617401456882,0,0
120.07281475874126,14.340474713869485,0,0
120.07280385594406,14.618474713869446,0,0
120.072793393007,14.697257930652786,0,0
120.072791993007,14.71367751107252,0,0
120.0727664,16.96483835023316,0,0
120.0727666,16.940936252331074,0,0
120.06585617272728,11.5136425460373,0,0
120.0646039951049,11.721320867715605,1,2
120.06457988461538,11.812090098484912,1,2
120.06428149230769,12.36824394463915,0,0
120.06402815944055,13.084684504079332,1,2
120.06399682657342,13.150614574009616,1,2
120.06101381188812,17.357446741841507,0,0
120.06096832727272,17.465097091491874,0,0
120.06034800769233,19.38993625233097,0,0
120.06030388461538,19.61167051806518,0,0
120.05953886923076,20.069705483100297,0,0
120.05950025384617,20.055167021561832,0,0
120.05945170629371,19.93103415442901,0,0
120.05929312657344,18.984810378205022,0,0
120.0592496181818,18.794460727855373,0,0
120.05920629650348,18.70872646212112,0,0
120.05916356083917,18.73202716142197,0,0
120.05912307762236,18.806432755827537,0,0
120.05908193006994,18.86212506351985,0,0
120.05904133986014,18.814181007575723,0,0
120.0589998888112,18.837726462121275,1,2
120.05895831678322,18.71199219638702,1,2
120.05891641538462,18.623782406177234,1,2
120.05811904265734,16.289397790792602,0,0
120.05806918111888,16.16511807051293,0,0
120.06451202027972,12.030530230411316,2,2
120.0645064986014,11.998019740900826,2,2
120.06450106363636,11.98248827236936,0,0
120.06449442867134,11.935684076565163,0,0
120.0644112,11.22938337726446,0,0
120.0644048,12.4526491115302,1,2
120.0644045,12.490215545096632,1,2
120.064404,12.539026733907816,0,0
120.0644038,12.598844915726,0,0
120.06440346503496,12.629334426215518,0,0
120.06440327902098,12.68081694369803,0,0
120.06440261188811,12.83246729334838,0,0
120.0644025,12.849858901739989,0,0
120.0644016,12.85812463600572,0,0
120.06440095804196,12.850844915726,0,0
120.06642446503496,18.63623652411761,1,3
120.06644723076924,18.77154421642531,1,3
120.06646987972027,18.82780995069104,1,3
120.06690524125874,17.86272603460712,0,0
120.06693675804196,17.814173587054675,1,2
120.06695255244756,17.815194566075643,1,2
120.06792947972028,15.844481279362366,0,0
120.06797077482516,15.814663097544171,0,0
120.06805594265734,15.75353023041132,1,2
120.0680999916084,15.750516244397334,1,2
120.06814502867132,15.723774985656071,1,2
120.0683812993007,15.462551209432313,1,2
120.06843041608391,15.420544216425338,1,2
120.06847958251748,15.391327433208518,1,2
120.06872371888112,15.437432328313417,0,0
120.08070990909091,14.908033726914764,0,0
120.08075325874124,14.913201559082756,0,0
120.08170292447552,14.843355405236494,0,0
120.08179071328672,14.850621139502223,0,0
120.08183252377624,14.849795964677051,0,0
120.0818742,14.864851908733003,0,0
120.0828170034965,15.492061698942782,1,2
120.08285097412588,15.501250510131571,1,2
120.08341302097902,15.716019740900824,1,2
120.08345014125874,15.7637470136281,1,2
120.08375295384616,15.81055120943229,1,2
120.08379255104896,15.887180580061711,1,2
120.08426755174824,16.035823936704958,1,2
120.0843025097902,16.105019740900772,1,2
120.08433647272729,16.088306454187535,1,2
120.08489307272728,15.735488272369372,0,0
120.08490154475524,15.709816943698032,0,0
120.0849319083916,15.709355405236511,0,0
120.0849386062937,15.709460300341384,0,0
120.08530222517484,22.609467293348345,0,0
120.08530618321676,22.72953722341837,0,0
120.08682257902096,15.47657218845331,0,0
120.08687211818182,15.418942817824025,0,0
120.08745398671329,10.697935824816865,1,1
120.0874541,10.700823936705014,1,1
120.08745424405596,10.67031344719456,1,1
120.0874547006993,10.646334426215514,1,1
120.0874550041958,10.62248127936236,1,1
120.08745756433566,10.582649111530207,1,2
120.08745899090908,10.582306454187554,1,2
120.08746077552448,10.60393582481684,1,2
120.08756037762238,12.097628132509367,2,1
120.0875631076923,12.17201274789384,2,1
120.08757454895104,13.237187573068589,0,0
120.0875745,13.272495265376186,0,0
120.087574,13.442033726914866,1,2
120.08757394475523,13.456236524117507,1,2
120.0875741,13.51170505558614,1,2
120.07557106713288,17.861180580061816,0,0
120.07561291258742,17.812649111530135,0,0
120.07569356153846,17.790684076565135,0,0
120.07573226503496,17.771355405236466,0,0
120.08494520629372,15.723767992649076,0,0
120.08501832657343,16.220271489152548,0,0
120.08635926223776,16.339921838802997,1,2
120.0863632902098,16.271830929712074,1,2
120.08639203776224,15.809844915725993,1,2
120.0864313944056,15.218250510131464,0,0
120.0864327027972,15.161061698942795,0,0
120.0864345125874,15.094802957684095,0,0
120.08643601538462,15.00701274789388,0,0
120.08746287552448,10.611663097544184,1,1
120.08746521468532,10.60680295768407,1,1
120.08750492097904,11.257774985655836,1,1
120.08750923706292,11.24832044020198,1,1
120.08756580629372,12.251306454187526,1,1
120.08756855034964,12.271502258383332,1,1
120.06462420909092,12.805823936705025,0,0
120.0646119013986,12.77190785278894,1,2
120.06460593286712,12.717858901739987,1,2
120.0646006881119,12.692802957684046,1,2
120.06439521468532,12.288285475166576,1,2
120.064395,12.388341419222508,1,2
120.0643948027972,12.431089670970756,1,2
120.0643948062937,12.42759316747426,1,2
120.06439501328671,12.481201559082644,0,0
120.0643966076923,12.505781978663062,1,1
120.06439682237762,12.507278482159562,1,1
120.0643971,12.546760999642087,0,0
120.0643969,12.875383377264464,0,0
120.06439672937064,12.90780995069104,0,0
120.0643978,12.937886873767956,0,0
120.06439178181816,13.026215545096626,0,0
120.06438976433569,13.115900859781949,1,2
120.06438756293706,13.018446314327411,1,2
120.06438482237762,13.166914845795931,1,2
120.0643667923077,13.035628132509228,0,0
120.0643614132867,13.03485890173999,0,0
120.06435601538462,13.022446314327404,0,0
120.06435032937064,13.00429946118055,0,0
120.06434514615384,12.911509251390337,0,0
120.0643393909091,13.033760999642093,0,0
120.06429683076924,13.11592883180992,0,0
120.0642910097902,13.210677083558178,0,0
120.06449485664336,14.93462813250922,1,2
120.06452187482518,14.945795964677044,1,2
120.0645495,14.877488272369344,1,2
120.0649715153846,14.939243517124607,0,0
120.06499669020978,15.065271489152575,0,0
120.06502176503496,15.141250510131607,0,0
120.06504803356644,15.214460300341374,0,0
120.06507457552448,15.33716659404769,0,0
120.06515353916085,15.352740020621107,0,0
120.06517897342658,15.3894533073344,0,0
120.06520426503496,15.630907852788958,0,0
120.06557425454544,16.978760999642088,0,0
120.06560101608392,16.997544216425304,0,0
120.06644723076924,18.77154421642531,1,2
120.06646987972027,18.82780995069104,1,2
120.06657941608393,18.97376799264908,1,2
120.06660017552448,18.989194566075643,1,2
120.07272947972028,18.072733027614102,1,2
120.07278663076924,18.1059358248169,1,2
120.07294182867132,18.3535651954463,0,0
120.07548552237762,17.945138622019773,0,0
120.0755287923077,17.9051665940477,0,0
120.07557106713288,17.861180580061816,0,0
120.07603193636363,17.668544216425303,0,0
120.07606813426574,17.5984533073344,1,2
120.07610552097904,17.62168407656518,1,2
120.0772285951049,16.176705055586115,0,0
120.07741134545456,16.02576099964208,0,0
120.08637517412588,15.907257503138638,1,2
120.0863792020979,15.847173587054671,1,2
120.0863837125874,15.773075684956725,1,2
120.08666647202796,14.672208552089636,1,1
120.08666890769231,14.631858901740118,1,1
120.08681633706291,15.51850225838335,1,1
120.08706984895105,14.497921838802862,1,1
120.08707726433566,14.511117642998414,1,1
120.08727308251748,12.87881694369805,0,0
120.087280206993,12.845397363278453,0,0
120.06445754895104,11.1206491115302,1,2
120.064397,12.521837922719008,1,1
120.06439768111888,12.90839736327845,0,0
120.0643978,12.948397363278444,0,0
120.0643972972028,12.950222538103633,0,0
120.06439578041956,13.047907852788937,0,0
120.06438976433569,13.115900859781949,1,1
120.0643614132867,13.03485890173999,0,0
120.06435601538462,13.022446314327404,0,0
120.064194186014,14.18708267796376,0,0
120.064193,14.154551209432288,0,0
120.06420528111887,13.876117642998722,0,0
120.06502176503496,15.141250510131607,0,0
120.06504803356644,15.214460300341374,0,0
120.06507457552448,15.33716659404769,0,0
120.06515353916085,15.352740020621107,0,0
120.06517897342658,15.3894533073344,0,0
120.06520426503496,15.630907852788958,0,0
120.06522974545454,15.713215545096633,0,0
120.06525556923076,15.954935824816909,0,0
120.06528164755244,15.954047712928812,0,0
120.06530755454546,16.044390370271458,0,0
120.0658607839161,17.675830929712017,0,0
120.06588664055944,17.7594393213204,0,0
120.0659134818182,17.87639736327839,0,0
120.06594005524477,18.062173587054644,0,0
120.06596665874126,18.19639736327845,0,0
120.0659918048951,18.23557918146028,0,0
120.06601690839162,18.34143932132041,0,0
120.06604214755244,18.374376384257488,0,0
120.06606755804196,18.436257503138588,0,0
120.06609341818182,18.42955120943231,0,0
120.0661194,18.53578197866306,0,0
120.06614558181818,18.548453307334388,1,2
120.06617307272728,18.590348412229503,1,2
120.0662005090909,18.62473302761413,1,2
120.06622758671328,18.709236524117586,1,2
120.0662535818182,18.619851908733,1,2
120.06630096853146,18.60678897167006,0,0
120.06632447482517,18.566928831809907,0,0
120.06634973286712,18.483747013628108,0,0
120.06637501328672,18.51939736327845,0,0
120.06642446503496,18.63623652411761,1,2
120.06644723076924,18.77154421642531,1,2
120.06646987972027,18.82780995069104,1,2
120.0674021888112,16.247837922719008,0,0
120.06743176643356,16.205886873767955,0,0
120.06773944545454,16.108579181460268,0,0
120.067775886014,16.090019740900818,0,0
120.06781284475524,16.025816943698022,0,0
120.06785040629372,15.95010365698474,0,0
120.06852696153848,15.409397363278456,0,0
120.06877507552448,15.41566309754419,0,0
120.08160872307693,14.824705055586136,0,0
120.08170292447552,14.843355405236494,0,0
120.08174866153846,14.84620855208964,0,0
120.08179071328672,14.850621139502223,1,2
120.08183252377624,14.849795964677051,1,2
120.0819189104895,14.837921838802922,0,0
120.08214786083916,14.943572188453237,1,2
120.08219235384615,14.98804771292878,1,2
120.08502762587412,21.96417358705468,1,1
120.08502833286713,21.981033726914795,1,1
120.08503348391608,22.15345330733445,0,0
120.08503418671329,21.99872603460712,0,0
120.08504035034964,22.627900859781946,0,0
120.08504085384617,22.686781978663035,0,0
120.08504644755244,23.564781978663103,1,1
120.08509435454545,23.103740020621107,1,2
120.08510166923077,23.005474286355337,1,2
120.08511696713286,23.004054705935804,0,0
120.08522577272728,22.521124636005737,0,0
120.0852343902098,22.453893866775044,0,0
120.0852854972028,22.402621139502173,0,0
120.08529205384616,22.385397363278376,0,0
120.08565865524476,20.141103656984743,0,0
120.08566533006992,20.116145615026745,0,0
120.08574763076923,19.70192183880294,1,2
120.08591133146854,19.13174002062112,1,2
120.08591375244757,19.046061698942847,1,2
120.0859166111888,18.948369391250534,1,2
120.08742425384617,12.370628132509207,0,0
120.0874765986014,10.7081945660756,1,2
120.06439593426572,12.29542533530642,1,1
120.06439744615383,12.70424351712461,0,0
120.0643976,12.74555820243929,1,2
120.0643976,12.763816943698034,1,2
120.064397320979,12.82246030034139,1,2
120.0643974,12.863397363278448,1,2
120.06439682587413,12.94551624439734,1,2
120.0643975,12.895621139502223,1,2
120.06439768111888,12.90839736327845,1,2
120.0643972972028,12.950222538103633,1,2
120.06439578041956,13.047907852788937,1,2
120.06439488531468,13.078691069572155,1,2
120.06439178181816,13.026215545096626,0,0
120.06438976433569,13.115900859781949,0,0
120.07110459090909,16.801851908733,0,0
120.07128326853147,16.887271489152578,0,0
120.07272947972028,18.072733027614102,0,0
120.07278663076924,18.1059358248169,0,0
120.0737385874126,18.235684076564983,0,0
120.07415042867132,18.06513862201972,0,0
120.07419953076922,18.037047712928803,0,0
120.0742487979021,18.013607153488238,0,0
120.07493271958042,18.14827148915256,0,0
120.07498227552448,18.05988687376801,0,0
120.07503033076924,17.950781978663077,0,0
120.07507683986016,17.916963796844897,0,0
120.07626073986016,17.368600160481297,0,0
120.07630214405594,17.36057218845328,0,0
120.07643457132868,17.133600160481304,0,0
120.07647804055944,17.01945330733439,0,0
120.0767484874126,16.696117642998797,0,0
120.07679510909092,16.639760999642107,0,0
120.08503418671329,21.99872603460712,1,2
120.08503471818182,21.97476099964209,1,2
120.0859390006993,16.925823936705026,0,0
120.08594062867132,16.762194566075724,0,0
120.085941993007,16.584173587054764,0,0
120.08594394265734,16.337530230411247,0,0
120.08649332517484,14.310991768872867,1,1
120.08651547412587,14.439320440201444,0,0
120.0865318,14.907397363278449,1,1
120.086535313986,14.7937679926491,1,1
120.08654335244756,14.883621139502214,0,0
120.08656055664336,14.662970789851808,0,0
120.08656357272729,14.50394281782392,0,0
120.08665833916083,14.317180580061658,0,0
120.08666117342658,14.45597078985182,0,0
120.08676513496503,14.989089670970724,1,1
120.08677184335664,15.075467293348314,1,1
120.0868290888112,15.347767992649072,1,1
120.08683637202796,15.294837922719084,1,1
120.08684343006992,15.35098477586596,1,1
120.0873804,12.05439736327845,0,0
120.06430324475524,12.991740020621108,0,0
120.06429683076924,13.11592883180992,0,0
120.06425056083916,13.58677498565608,0,0
120.06424658531468,13.586005754886845,0,0
120.0643698076923,14.267418342299448,0,0
120.0643925076923,14.245705055586145,0,0
120.06471696853149,14.51443232831342,1,2
120.0647445874126,14.471222538103556,1,2
120.06543735454544,16.65936939125048,0,0
120.06552058391608,16.95300575488685,0,0
120.06554746923076,16.971320440201517,0,0
120.06637501328672,18.51939736327845,0,0
120.06640013076924,18.59616659404765,0,0
120.06642446503496,18.63623652411761,0,0
120.06644723076924,18.77154421642531,0,0
120.06646987972027,18.82780995069104,0,0
120.06649223706292,18.925313447194537,0,0
120.06651459230768,18.92685890173999,0,0
120.06653664615384,18.937271489152565,0,0
120.06655819090908,18.92612463600572,0,0
120.06657941608393,18.97376799264908,0,0
120.06680458181818,18.33930645418756,0,0
120.06682336083917,18.27294981083089,0,0
120.06684143076924,18.15378197866309,0,0
120.06685798111889,18.064194566075653,0,0
120.06687392447552,18.00406169894278,1,2
120.06688980489513,17.94883792271901,1,2
120.06690524125874,17.86272603460712,1,2
120.06692094965037,17.82283092971202,1,2
120.06693675804196,17.814173587054675,0,0
120.06696837482518,17.75976799264908,1,2
120.06698426923076,17.72179596467705,1,2
120.0670176,17.63539736327845,0,0
120.0670357013986,17.606229531110614,0,0
120.06705456573428,17.577698062579167,0,0
120.06707448181818,17.538285475166557,0,0
120.0670948881119,17.51772603460712,0,0
120.0671153153846,17.401963796844882,0,0
120.06713664475524,17.242019740900822,0,0
120.06715897622378,17.15522953111061,0,0
120.06721184405596,16.920075684956778,1,2
120.06723887832167,16.847635125516227,1,2
120.06726643846152,16.805012747893834,1,2
120.06963316363635,15.78330645418754,0,0
120.06969063076924,15.87401274789381,0,0
120.0706522958042,16.517656104537185,0,0
120.07139786573428,17.069376384257488,0,0
120.07410094895104,18.116865894746933,0,0
120.07419953076922,18.037047712928803,0,0
120.0742487979021,18.013607153488238,0,0
120.07463944825174,18.07341834229944,0,0
120.07468763496504,18.054740020621093,0,0
120.0850120944056,17.777698062579173,0,0
120.0850118062937,17.786837922718995,0,0
120.08501137972029,17.7920756849567,0,0
120.0850112,17.84153722341828,0,0
120.0850094,18.361474286355367,1,2
120.0850093,18.42185190873291,1,2
120.0850091,18.57597778285886,1,2
120.0850088,18.686362398243404,1,2
120.0850088132867,18.796467293348343,1,2
120.08500662167832,19.7877470136281,1,2
120.08578943636364,19.305579181460327,1,2
120.0857955874126,19.270872887753963,1,2
120.08585911468532,19.30401974090081,0,0
120.08589494755245,19.460628132509136,1,1
120.08589575454543,19.46921554509665,1,1
120.08589693076922,19.393858901739947,1,1
120.0859019062937,19.37343232831345,0,0
120.085904179021,19.3367330276142,0,0
120.08591133146854,19.13174002062112,0,0
120.08591375244757,19.046061698942847,0,0
120.08591902867131,18.82113862201972,1,2
120.08592164615384,18.699551209432368,1,2
120.08592426363636,18.58330645418764,1,2
120.08593706503495,16.99099876187981,0,0
120.0864516062937,14.196956803837905,1,2
120.08645291328672,14.191691069572096,1,2
120.08645748251747,14.359928831809905,1,2
120.0864583965035,14.3637889716699,1,2
120.08645937762238,14.359921838802908,1,2
120.0865202055944,14.749935824816887,0,0
120.086535313986,14.7937679926491,0,0
120.08657077622378,14.372747013628036,0,0
120.08657482797204,14.351047712928755,0,0
120.08662048321678,13.594579181460134,1,2
120.0866241083916,13.704830929712,1,2
120.08662753426574,13.81918058006164,1,2
120.08663104195804,13.94724351712454,0,0
120.08664111958042,14.101096663977753,1,2
120.0866444083916,14.302369391250462,1,1
120.08664712937065,14.143222538103627,1,1
120.08665027622378,14.263383377264416,1,1
120.08665263006992,14.168558202439192,0,0
120.08667874755244,14.71639736327845,0,0
120.0866827013986,14.711159601040665,0,0
120.08668710629372,14.789544216425186,0,0
120.08669186223776,14.786019740900809,0,0
120.08669716153848,14.725516244397353,0,0
120.0867027,14.695215545096604,0,0
120.08674637552448,14.83564911153019,1,1
120.08675251748252,14.878201559082653,1,1
120.08675867272729,14.95167009055118,1,1
120.08757336223776,12.351453307334385,1,2
120.0875749,13.152173587054678,0,0
120.0875747041958,13.122998761879716,0,0
120.08757402937064,13.592299461180549,1,2
120.0875744,13.578851908732997,1,2
120.0875737,14.0041246360056,0,0
120.087573,14.13401274789384,0,0
120.08757253916085,14.24987288775394,0,0
120.0875722,14.200236524117605,1,2
120.08757192657345,14.216138622019706,1,2
120.08757128181816,14.233488272369373,1,2
120.0875704902098,14.215984775865842,1,2
120.0875702,14.237663097544107,1,2
120.08756936993008,14.335033726914732,0,0
120.08756897412589,14.325621139502228,0,0
120.08756843286712,14.372809950691082,0,0
120.08756806363635,14.318215545096614,0,0
120.08756925244757,14.535103656984834,0,0
120.08756942867132,14.450236524117631,0,0
120.08756997132868,14.538963796844866,0,0

</html>