72660	2 2 1
72940	2 2 1
91140	2 1 1
91420	2 1 1
96740	0 0 1
97860	2 1 1
98140	2 1 1
132300	0 0 1
132580	0 0 1
135660	0 0 1
137060	1 1 1
137340	1 1 1
138180	0 0 1
138460	0 0 1
142940	1 2 1
143220	1 2 1
143500	1 2 1
143780	1 2 1
144060	1 2 1
149660	1 3 1
149940	1 3 1
154980	0 0 1
155260	0 0 1
194740	0 0 1
198100	0 0 1
198380	0 0 1
198660	0 0 1
198940	0 0 1
199220	0 0 1
199500	0 0 1
199780	0 0 1
200060	0 0 1
200340	0 0 1
200620	0 0 1
200900	0 0 1
201180	0 0 1
201740	1 2 1
202020	1 2 1
208460	0 0 1
210140	0 0 1
210420	0 0 1
212100	0 0 1
212380	0 0 1
212660	0 0 1
212940	0 0 1
215180	0 0 1
215460	0 0 1
217980	0 0 1
219100	0 0 1
220500	0 0 1
220780	0 0 1
253820	0 0 1
254100	0 0 1
351260	0 0 1
407820	1 2 1
408100	1 2 1
411180	0 0 1
413700	1 2 1
413980	1 2 1
434700	0 0 1
434980	0 0 1
438900	0 0 1
439180	0 0 1
443940	0 0 1
444220	0 0 1
444500	0 0 1
445620	0 0 1
445900	0 0 1
446180	0 0 1
446460	0 0 1
446740	0 0 1
447020	0 0 1
447300	0 0 1
447580	1 2 1
447860	1 2 1
448140	1 2 1
453460	0 0 1
453740	0 0 1
420	0 0 1
3500	0 0 1
3780	0 0 1
4060	0 0 1
4340	0 0 1
8540	2 2 1
8820	2 2 1
9100	0 0 1
9380	0 0 1
18620	0 0 1
23380	1 2 1
23660	1 2 1
24500	0 0 1
24780	0 0 1
25340	0 0 1
25620	0 0 1
28980	0 0 1
29260	0 0 1
30940	0 0 1
31220	0 0 1
91140	1 3 1
91420	1 3 1
91700	1 3 1
98140	0 0 1
98700	1 2 1
98980	1 2 1
108780	0 0 1
109060	0 0 1
109620	1 2 1
109900	1 2 1
110180	1 2 1
111580	1 2 1
111860	1 2 1
112140	1 2 1
113540	0 0 1
183820	0 0 1
184100	0 0 1
189980	0 0 1
190540	0 0 1
190820	0 0 1
191100	0 0 1
197260	1 2 1
197540	1 2 1
202300	1 2 1
202580	1 2 1
204820	1 2 1
205100	1 2 1
208740	1 2 1
209020	1 2 1
209300	1 2 1
216580	0 0 1
216860	0 0 1
217980	0 0 1
218260	0 0 1
288540	0 0 1
288820	0 0 1
400260	0 0 1
402220	0 0 1
443380	1 1 1
443660	1 1 1
443940	1 1 1
444500	1 1 1
444780	1 1 1
445620	1 2 1
445900	1 2 1
446180	1 2 1
454020	2 1 1
454300	2 1 1
459900	0 0 1
460180	0 0 1
462980	1 2 1
463260	1 2 1
463540	1 2 1
149380	0 0 1
149660	0 0 1
149940	0 0 1
150500	0 0 1
150780	0 0 1
218540	0 0 1
226100	0 0 1
357980	1 2 1
358260	1 2 1
360220	1 2 1
364140	0 0 1
364420	0 0 1
364700	0 0 1
364980	0 0 1
446460	1 1 1
446740	1 1 1
450100	1 1 1
450380	1 1 1
454580	1 1 1
454860	1 1 1
1820	0 0 1
2100	0 0 1
2660	1 2 1
2940	1 2 1
3220	1 2 1
34860	1 2 1
35140	1 2 1
36260	1 2 1
36540	1 2 1
37100	0 0 1
44660	1 1 1
44940	1 1 1
45500	0 0 1
49420	0 0 1
49700	0 0 1
51380	0 0 1
52780	0 0 1
53060	1 2 1
53340	1 2 1
53620	1 2 1
55020	0 0 1
55300	0 0 1
55580	0 0 1
55860	0 0 1
56140	0 0 1
56420	0 0 1
58380	0 0 1
58660	0 0 1
70420	1 2 1
70700	1 2 1
70980	1 2 1
75460	0 0 1
75740	0 0 1
76020	0 0 1
76300	0 0 1
76580	0 0 1
77420	0 0 1
77700	0 0 1
77980	0 0 1
81900	0 0 1
82180	0 0 1
91420	1 2 1
91700	1 2 1
93100	1 2 1
93380	1 2 1
133700	1 2 1
133980	1 2 1
134820	0 0 1
149100	0 0 1
149380	0 0 1
149660	0 0 1
153300	0 0 1
153580	1 2 1
153860	1 2 1
160860	0 0 1
161980	0 0 1
359100	1 2 1
359380	1 2 1
359660	1 2 1
392420	1 1 1
392700	1 1 1
399980	1 1 1
408940	1 1 1
409220	1 1 1
415940	0 0 1
416220	0 0 1
11340	1 2 1
11620	1 2 1
45220	1 1 1
50540	0 0 1
50820	0 0 1
51660	0 0 1
51940	0 0 1
53060	1 1 1
55300	0 0 1
55580	0 0 1
64540	0 0 1
64820	0 0 1
65940	0 0 1
76020	0 0 1
76300	0 0 1
76580	0 0 1
77420	0 0 1
77700	0 0 1
77980	0 0 1
78260	0 0 1
78540	0 0 1
78820	0 0 1
79100	0 0 1
84980	0 0 1
85260	0 0 1
85540	0 0 1
85820	0 0 1
86100	0 0 1
86380	0 0 1
86660	0 0 1
86940	0 0 1
87220	0 0 1
87500	0 0 1
87780	0 0 1
88060	1 2 1
88340	1 2 1
88620	1 2 1
88900	1 2 1
89180	1 2 1
89740	0 0 1
90020	0 0 1
90300	0 0 1
90580	0 0 1
91140	1 2 1
91420	1 2 1
91700	1 2 1
104580	0 0 1
104860	0 0 1
107380	0 0 1
107660	0 0 1
107940	0 0 1
108220	0 0 1
112420	0 0 1
113820	0 0 1
189420	0 0 1
189980	0 0 1
190260	0 0 1
190540	1 2 1
190820	1 2 1
191380	0 0 1
192780	1 2 1
193060	1 2 1
265300	1 1 1
265580	1 1 1
266980	0 0 1
267260	0 0 1
272300	0 0 1
272580	0 0 1
278180	1 1 1
281540	1 2 1
281820	1 2 1
282380	0 0 1
285740	0 0 1
286020	0 0 1
287700	0 0 1
287980	0 0 1
305340	0 0 1
305620	0 0 1
309260	1 2 1
320740	1 2 1
321020	1 2 1
321300	1 2 1
423500	0 0 1
447860	1 2 1
41020	1 1 1
41300	1 1 1
47740	0 0 1
48300	1 2 1
48580	1 2 1
48860	1 2 1
49140	1 2 1
49980	1 2 1
50260	1 2 1
50540	1 2 1
51660	1 2 1
51940	1 2 1
52220	1 2 1
52780	0 0 1
53060	0 0 1
125580	0 0 1
126420	0 0 1
133700	0 0 1
133980	0 0 1
139020	0 0 1
141260	0 0 1
141540	0 0 1
141820	0 0 1
145740	0 0 1
146020	0 0 1
146300	0 0 1
146580	0 0 1
154980	0 0 1
155260	0 0 1
156100	0 0 1
156380	0 0 1
158060	0 0 1
158340	0 0 1
267260	1 2 1
267540	1 2 1
326340	0 0 1
326620	0 0 1
326900	0 0 1
327180	0 0 1
377580	1 1 1
379260	0 0 1
380380	1 1 1
380660	1 1 1
381780	0 0 1
383740	0 0 1
384020	0 0 1
391580	0 0 1
391860	0 0 1
397740	1 1 1
398020	1 1 1
400540	1 1 1
400820	1 1 1
401100	1 1 1
420420	0 0 1
33180	0 0 2
58100	0 0 2
58380	0 0 2
60900	0 0 2
61180	0 0 2
69020	0 0 2
69300	0 0 2
72660	1 2 2
72940	1 2 2
80500	0 0 2
81340	0 0 2
81620	0 0 2
90580	0 0 2
90860	0 0 2
91140	0 0 2
91420	0 0 2
91700	0 0 2
91980	0 0 2
92260	0 0 2
92540	0 0 2
92820	0 0 2
93100	0 0 2
96460	0 0 2
96740	0 0 2
97020	0 0 2
97300	0 0 2
97580	1 2 2
97860	1 2 2
98140	1 2 2
98420	1 2 2
98700	0 0 2
99260	1 2 2
99540	1 2 2
100100	0 0 2
100380	0 0 2
100660	0 0 2
100940	0 0 2
101220	0 0 2
101500	0 0 2
101780	0 0 2
102060	0 0 2
102620	1 2 2
102900	1 2 2
103180	1 2 2
118300	0 0 2
118580	0 0 2
123340	0 0 2
126980	0 0 2
140980	0 0 2
141540	0 0 2
141820	0 0 2
144060	0 0 2
144340	0 0 2
236460	0 0 2
236740	0 0 2
237860	0 0 2
238140	0 0 2
241780	1 2 2
242060	1 2 2
242620	1 2 2
242900	1 2 2
243180	1 2 2
248500	1 2 2
311220	1 2 2
311500	1 2 2
314300	0 0 2
318220	1 1 2
318500	1 1 2
318780	1 1 2
319620	0 0 2
319900	0 0 2
320740	0 0 2
321020	0 0 2
321580	1 2 2
321860	1 2 2
322140	1 2 2
326060	0 0 2
368620	1 2 2
368900	1 2 2
370020	1 2 2
370300	1 2 2
370580	1 2 2
379540	0 0 2
380660	0 0 2
384580	0 0 2
384860	0 0 2
388220	1 2 2
388500	1 2 2
388780	1 2 2
389060	0 0 2
389900	1 2 2
390180	1 1 2
390460	1 1 2
390740	1 1 2
391020	0 0 2
393540	0 0 2
393820	0 0 2
394100	0 0 2
394380	0 0 2
394660	0 0 2
394940	0 0 2
396900	1 1 2
397180	1 1 2
397460	1 1 2
455700	1 2 2
459060	0 0 2
459340	0 0 2
463820	1 2 2
464100	1 2 2
466060	0 0 2
466620	0 0 2
466900	0 0 2
467180	1 2 2
467460	1 2 2
467740	1 2 2
468860	1 2 2
469140	1 2 2
470260	0 0 2
470540	0 0 2
471100	0 0 2
471380	0 0 2
473340	0 0 2
473620	0 0 2
474180	0 0 2
58660	0 0 2
65380	0 0 2
72660	1 1 2
72940	1 1 2
81340	1 1 2
81620	1 1 2
85260	1 1 2
85540	1 1 2
85820	1 1 2
93940	1 1 2
94220	1 1 2
266700	1 2 2
266980	1 2 2
267260	1 2 2
305060	1 1 2
307580	1 1 2
329700	1 2 2
329980	1 2 2
330260	1 2 2
330540	1 2 2
8540	1 2 2
8820	1 2 2
31500	1 2 2
48300	1 2 2
49420	0 0 2
50820	1 2 2
54460	1 2 2
54740	1 2 2
61740	0 0 2
62020	0 0 2
62580	1 2 2
62860	1 2 2
67900	1 2 2
68180	1 2 2
70700	0 0 2
70980	0 0 2
71260	0 0 2
71540	0 0 2
71820	0 0 2
72100	0 0 2
72380	0 0 2
72660	0 0 2
72940	0 0 2
73220	0 0 2
79380	0 0 2
79940	1 2 2
80220	1 2 2
80500	1 2 2
80780	1 2 2
81060	0 0 2
81340	0 0 2
81620	0 0 2
81900	0 0 2
82180	0 0 2
82460	1 3 2
82740	1 3 2
83020	1 3 2
83580	0 0 2
83860	0 0 2
84140	0 0 2
84420	0 0 2
84700	0 0 2
84980	0 0 2
85260	0 0 2
85820	1 3 2
86100	1 3 2
86380	1 3 2
105420	0 0 2
105700	0 0 2
105980	0 0 2
106260	0 0 2
112980	1 2 2
113260	1 2 2
193060	0 0 2
193340	0 0 2
193900	0 0 2
194180	0 0 2
194460	0 0 2
194740	0 0 2
195020	0 0 2
195300	0 0 2
195580	0 0 2
196420	0 0 2
196700	0 0 2
197260	1 2 2
197540	1 2 2
198100	1 2 2
198380	1 2 2
201460	0 0 2
201740	0 0 2
202020	0 0 2
202300	0 0 2
202580	0 0 2
203140	1 2 2
203420	1 2 2
203700	1 2 2
203980	0 0 2
204260	0 0 2
207620	1 2 2
207900	1 2 2
208180	0 0 2
210700	1 2 2
210980	1 2 2
263340	1 2 2
263620	1 2 2
264180	0 0 2
264460	0 0 2
264740	0 0 2
265020	0 0 2
268940	0 0 2
269220	0 0 2
269500	1 2 2
269780	1 2 2
270060	1 2 2
289380	1 2 2
289660	1 2 2
289940	1 2 2
290220	1 2 2
290500	1 2 2
290780	0 0 2
291620	0 0 2
291900	0 0 2
292180	0 0 2
292460	0 0 2
293300	0 0 2
293580	0 0 2
307580	1 2 2
307860	1 2 2
308140	1 2 2
311500	1 2 2
311780	1 2 2
316820	1 2 2
317100	1 2 2
317380	1 2 2
317660	0 0 2
318500	0 0 2
318780	0 0 2
319060	0 0 2
319340	0 0 2
319620	0 0 2
319900	0 0 2
320180	0 0 2
320460	1 2 2
320740	1 2 2
321020	1 2 2
321300	1 2 2
328300	0 0 2
328580	0 0 2
363300	1 2 2
363580	1 2 2
363860	1 2 2
364140	1 2 2
374780	0 0 2
375900	0 0 2
380940	1 2 2
381220	1 2 2
382620	0 0 2
382900	0 0 2
383180	0 0 2
383460	0 0 2
384020	1 2 2
384300	1 2 2
389620	0 0 2
389900	0 0 2
443940	0 0 2
444220	0 0 2
448140	0 0 2
448420	0 0 2
448700	0 0 2
455420	0 0 2
455700	0 0 2
455980	0 0 2
466620	1 2 2
466900	1 2 2
467460	1 2 2
467740	1 2 2
469140	1 2 2
469420	1 2 2
469700	1 2 2
471100	0 0 2
471380	0 0 2
43260	0 0 2
48580	0 0 2
48860	0 0 2
70700	1 2 2
70980	1 2 2
78260	1 1 2
78540	1 1 2
82460	1 1 2
82740	1 1 2
91700	1 1 2
91980	1 1 2
92540	0 0 2
92820	0 0 2
93100	0 0 2
94220	1 1 2
94500	1 1 2
108500	0 0 2
8540	1 2 2
8820	1 2 2
26460	0 0 2
28140	0 0 2
31780	0 0 2
32060	0 0 2
32340	0 0 2
39620	1 2 2
39900	1 2 2
40460	0 0 2
41020	0 0 2
41300	0 0 2
42700	0 0 2
44940	1 2 2
45220	1 2 2
46620	0 0 2
46900	0 0 2
48580	0 0 2
55300	0 0 2
55580	0 0 2
56420	0 0 2
64820	0 0 2
65100	0 0 2
67060	0 0 2
67340	0 0 2
67620	0 0 2
67900	0 0 2
68180	0 0 2
68740	1 1 2
69020	1 1 2
69300	1 1 2
69580	1 1 2
70140	0 0 2
70420	0 0 2
88340	1 1 2
88620	1 1 2
88900	1 1 2
89180	1 1 2
89460	0 0 2
90300	0 0 2
90580	0 0 2
90860	0 0 2
91140	0 0 2
91420	0 0 2
91980	1 2 2
92260	1 2 2
92540	1 2 2
92820	0 0 2
93100	1 2 2
93380	1 2 2
93660	1 2 2
93940	1 2 2
94220	1 2 2
94500	0 0 2
94780	0 0 2
95060	1 2 2
95340	1 2 2
95620	1 2 2
96180	0 0 2
107940	0 0 2
108220	0 0 2
108500	0 0 2
108780	0 0 2
111300	0 0 2
111580	0 0 2
113820	1 2 2
114100	1 2 2
115780	1 1 2
116060	1 1 2
117460	1 1 2
117740	1 1 2
118020	1 1 2
118580	0 0 2
118860	0 0 2
119140	0 0 2
119420	0 0 2
119700	0 0 2
119980	0 0 2
120260	0 0 2
120820	0 0 2
121100	0 0 2
122780	0 0 2
123060	0 0 2
124180	0 0 2
124460	0 0 2
124740	0 0 2
132300	0 0 2
132860	0 0 2
133140	0 0 2
135100	1 2 2
135380	1 2 2
135660	1 2 2
137060	0 0 2
137340	0 0 2
137620	0 0 2
138180	1 2 2
138460	1 2 2
139020	0 0 2
139300	0 0 2
139860	0 0 2
140140	0 0 2
142940	1 2 2
143220	1 2 2
143780	0 0 2
144060	0 0 2
144620	1 2 2
144900	1 2 2
145180	1 2 2
145740	0 0 2
149380	1 2 2
149660	1 2 2
149940	1 2 2
153020	1 1 2
153300	1 1 2
256340	1 2 2
256620	1 2 2
256900	1 2 2
257180	0 0 2
257460	0 0 2
257740	0 0 2
258020	0 0 2
258300	0 0 2
259140	0 0 2
261940	0 0 2
262220	0 0 2
262500	1 2 2
262780	1 2 2
263060	1 2 2
305340	1 2 2
305620	1 2 2
305900	1 2 2
306180	1 2 2
306740	0 0 2
307020	0 0 2
308140	0 0 2
308420	0 0 2
308980	0 0 2
310100	0 0 2
311220	0 0 2
311500	0 0 2
326900	0 0 2
327180	0 0 2
330540	0 0 2
330820	0 0 2
335580	1 1 2
335860	1 1 2
336140	1 1 2
336420	0 0 2
337260	0 0 2
337540	0 0 2
338380	0 0 2
338660	0 0 2
338940	0 0 2
339220	0 0 2
339500	1 1 2
339780	1 1 2
340060	1 1 2
347340	0 0 2
364980	0 0 2
365260	0 0 2
366380	1 1 2
366660	1 1 2
368900	1 2 2
369180	1 2 2
370300	1 2 2
370580	1 2 2
370860	1 2 2
371140	1 2 2
371420	1 2 2
380100	0 0 2
380380	0 0 2
380940	0 0 2
381220	0 0 2
385140	0 0 2
385420	0 0 2
387100	0 0 2
387380	0 0 2
387660	0 0 2
387940	0 0 2
388500	1 2 2
388780	1 2 2
391300	1 2 2
391580	1 2 2
394100	0 0 2
394380	0 0 2
398580	1 2 2
398860	1 2 2
399140	1 2 2
401100	1 2 2
401380	1 2 2
401660	1 2 2
401940	0 0 2
406700	1 2 2
406980	1 2 2
407260	1 2 2
475860	0 0 2
19460	0 0 2
20580	0 0 2
20860	0 0 2
27020	1 2 2
27300	1 2 2
31780	0 0 2
32060	0 0 2
34580	1 2 2
34860	1 2 2
35140	0 0 2
38500	1 2 2
38780	1 2 2
39060	1 2 2
39340	1 2 2
47460	0 0 2
47740	0 0 2
48020	0 0 2
48300	0 0 2
48580	0 0 2
49700	0 0 2
49980	0 0 2
50260	0 0 2
207900	0 0 2
208180	0 0 2
227780	0 0 2
245420	1 2 2
251020	0 0 2
251300	0 0 2
251580	1 2 2
251860	1 2 2
252140	1 2 2
259140	1 2 2
259420	1 2 2
259700	1 2 2
264740	1 2 2
265020	1 2 2
267820	0 0 2
268100	0 0 2
282380	1 2 2
