17780
18060
42140
47460
47740
49140
49700
49980
50260
51100
51380
52500
52780
54180
54460
55020
55300
59780
60060
64540
64820
65380
65660
72380
72660
72940
77140
77420
77700
88620
88900
89180
89460
89740
91140
91420
91700
91980
92260
92540
92820
93100
93660
93940
94220
94500
94780
95060
95340
95620
95900
96180
104860
108220
108500
109900
110180
114660
114940
116060
116340
134820
135100
137900
138460
138740
223580
223860
226380
226660
230020
230580
230860
291620
291900
292180
292460
292740
293020
293300
293580
293860
303940
304220
306460
306740
308980
309260
309540
310100
310380
311220
311500
311780
312060
312340
312620
312900
313180
316820
317100
365260
365540
365820
366380
366660
366940
381220
382060
382340
382620
382900
386260
386540
388780
393540
393820
450100
450380
461860
462140
462420
462700
478100
478380
478660
480340
480620
480900
980
70140
70420
70700
70980
76860
77140
77420
81900
84140
84420
84700
88060
88340
88620
88900
95340
95620
95900
165620
165900
200340
200620
262780
264460
268380
268660
302540
302820
304780
305060
305900
307020
307580
307860
315420
315700
321300
321580
321860
324380
324660
324940
339780
340060
72660
72940
91140
91420
96740
97860
98140
132300
132580
135660
137060
137340
138180
138460
142940
143220
143500
143780
144060
149660
149940
154980
155260
194740
198100
198380
198660
198940
199220
199500
199780
200060
200340
200620
200900
201180
201740
202020
208460
210140
210420
212100
212380
212660
212940
215180
215460
217980
219100
220500
220780
253820
254100
351260
407820
408100
411180
413700
413980
434700
434980
438900
439180
443940
444220
444500
445620
445900
446180
446460
446740
447020
447300
447580
447860
448140
453460
453740
420
3500
3780
4060
4340
8540
8820
9100
9380
18620
23380
23660
24500
24780
25340
25620
28980
29260
30940
31220
91140
91420
91700
98140
98700
98980
108780
109060
109620
109900
110180
111580
111860
112140
113540
183820
184100
189980
190540
190820
191100
197260
197540
202300
202580
204820
205100
208740
209020
209300
216580
216860
217980
218260
288540
288820
400260
402220
443380
443660
443940
444500
444780
445620
445900
446180
454020
454300
459900
460180
462980
463260
463540
149380
149660
149940
150500
150780
218540
226100
357980
358260
360220
364140
364420
364700
364980
446460
446740
450100
450380
454580
454860
1820
2100
2660
2940
3220
34860
35140
36260
36540
37100
44660
44940
45500
49420
49700
51380
52780
53060
53340
53620
55020
55300
55580
55860
56140
56420
58380
58660
70420
70700
70980
75460
75740
76020
76300
76580
77420
77700
77980
81900
82180
91420
91700
93100
93380
133700
133980
134820
149100
149380
149660
153300
153580
153860
160860
161980
359100
359380
359660
392420
392700
399980
408940
409220
415940
416220
11340
11620
45220
50540
50820
51660
51940
53060
55300
55580
64540
64820
65940
76020
76300
76580
77420
77700
77980
78260
78540
78820
79100
84980
85260
85540
85820
86100
86380
86660
86940
87220
87500
87780
88060
88340
88620
88900
89180
89740
90020
90300
90580
91140
91420
91700
104580
104860
107380
107660
107940
108220
112420
113820
189420
189980
190260
190540
190820
191380
192780
193060
265300
265580
266980
267260
272300
272580
278180
281540
281820
282380
285740
286020
287700
287980
305340
305620
309260
320740
321020
321300
423500
447860
41020
41300
47740
48300
48580
48860
49140
49980
50260
50540
51660
51940
52220
52780
53060
125580
126420
133700
133980
139020
141260
141540
141820
145740
146020
146300
146580
154980
155260
156100
156380
158060
158340
267260
267540
326340
326620
326900
327180
377580
379260
380380
380660
381780
383740
384020
391580
391860
397740
398020
400540
400820
401100
420420
33180
58100
58380
60900
61180
69020
69300
72660
72940
80500
81340
81620
90580
90860
91140
91420
91700
91980
92260
92540
92820
93100
96460
96740
97020
97300
97580
97860
98140
98420
98700
99260
99540
100100
100380
100660
100940
101220
101500
101780
102060
102620
102900
103180
118300
118580
123340
126980
140980
141540
141820
144060
144340
236460
236740
237860
238140
241780
242060
242620
242900
243180
248500
311220
311500
314300
318220
318500
318780
319620
319900
320740
321020
321580
321860
322140
326060
368620
368900
370020
370300
370580
379540
380660
384580
384860
388220
388500
388780
389060
389900
390180
390460
390740
391020
393540
393820
394100
394380
394660
394940
396900
397180
397460
455700
459060
459340
463820
464100
466060
466620
466900
467180
467460
467740
468860
469140
470260
470540
471100
471380
473340
473620
474180
58660
65380
72660
72940
81340
81620
85260
85540
85820
93940
94220
266700
266980
267260
305060
307580
329700
329980
330260
330540
8540
8820
31500
48300
49420
50820
54460
54740
61740
62020
62580
62860
67900
68180
70700
70980
71260
71540
71820
72100
72380
72660
72940
73220
79380
79940
80220
80500
80780
81060
81340
81620
81900
82180
82460
82740
83020
83580
83860
84140
84420
84700
84980
85260
85820
86100
86380
105420
105700
105980
106260
112980
113260
193060
193340
193900
194180
194460
194740
195020
195300
195580
196420
196700
197260
197540
198100
198380
201460
201740
202020
202300
202580
203140
203420
203700
203980
204260
207620
207900
208180
210700
210980
263340
263620
264180
264460
264740
265020
268940
269220
269500
269780
270060
289380
289660
289940
290220
290500
290780
291620
291900
292180
292460
293300
293580
307580
307860
308140
311500
311780
316820
317100
317380
317660
318500
318780
319060
319340
319620
319900
320180
320460
320740
321020
321300
328300
328580
363300
363580
363860
364140
374780
375900
380940
381220
382620
382900
383180
383460
384020
384300
389620
389900
443940
444220
448140
448420
448700
455420
455700
455980
466620
466900
467460
467740
469140
469420
469700
471100
471380
43260
48580
48860
70700
70980
78260
78540
82460
82740
91700
91980
92540
92820
93100
94220
94500
108500
8540
8820
26460
28140
31780
32060
32340
39620
39900
40460
41020
41300
42700
44940
45220
46620
46900
48580
55300
55580
56420
64820
65100
67060
67340
67620
67900
68180
68740
69020
69300
69580
70140
70420
88340
88620
88900
89180
89460
90300
90580
90860
91140
91420
91980
92260
92540
92820
93100
93380
93660
93940
94220
94500
94780
95060
95340
95620
96180
107940
108220
108500
108780
111300
111580
113820
114100
115780
116060
117460
117740
118020
118580
118860
119140
119420
119700
119980
120260
120820
121100
122780
123060
124180
124460
124740
132300
132860
133140
135100
135380
135660
137060
137340
137620
138180
138460
139020
139300
139860
140140
142940
143220
143780
144060
144620
144900
145180
145740
149380
149660
149940
153020
153300
256340
256620
256900
257180
257460
257740
258020
258300
259140
261940
262220
262500
262780
263060
305340
305620
305900
306180
306740
307020
308140
308420
308980
310100
311220
311500
326900
327180
330540
330820
335580
335860
336140
336420
337260
337540
338380
338660
338940
339220
339500
339780
340060
347340
364980
365260
366380
366660
368900
369180
370300
370580
370860
371140
371420
380100
380380
380940
381220
385140
385420
387100
387380
387660
387940
388500
388780
391300
391580
394100
394380
398580
398860
399140
401100
401380
401660
401940
406700
406980
407260
475860
19460
20580
20860
27020
27300
31780
32060
34580
34860
35140
38500
38780
39060
39340
47460
47740
48020
48300
48580
49700
49980
50260
207900
208180
227780
245420
251020
251300
251580
251860
252140
259140
259420
259700
264740
265020
267820
268100
282380