33180	0 0 2
58100	0 0 2
58380	0 0 2
60900	0 0 2
61180	0 0 2
69020	0 0 2
69300	0 0 2
72660	1 2 2
72940	1 2 2
80500	0 0 2
81340	0 0 2
81620	0 0 2
90580	0 0 2
90860	0 0 2
91140	0 0 2
91420	0 0 2
91700	0 0 2
91980	0 0 2
92260	0 0 2
92540	0 0 2
92820	0 0 2
93100	0 0 2
96460	0 0 2
96740	0 0 2
97020	0 0 2
97300	0 0 2
97580	1 2 2
97860	1 2 2
98140	1 2 2
98420	1 2 2
98700	0 0 2
99260	1 2 2
99540	1 2 2
100100	0 0 2
100380	0 0 2
100660	0 0 2
100940	0 0 2
101220	0 0 2
101500	0 0 2
101780	0 0 2
102060	0 0 2
102620	1 2 2
102900	1 2 2
103180	1 2 2
118300	0 0 2
118580	0 0 2
123340	0 0 2
126980	0 0 2
140980	0 0 2
141540	0 0 2
141820	0 0 2
144060	0 0 2
144340	0 0 2
236460	0 0 2
236740	0 0 2
237860	0 0 2
238140	0 0 2
241780	1 2 2
242060	1 2 2
242620	1 2 2
242900	1 2 2
243180	1 2 2
248500	1 2 2
311220	1 2 2
311500	1 2 2
314300	0 0 2
318220	1 1 2
318500	1 1 2
318780	1 1 2
319620	0 0 2
319900	0 0 2
320740	0 0 2
321020	0 0 2
321580	1 2 2
321860	1 2 2
322140	1 2 2
326060	0 0 2
368620	1 2 2
368900	1 2 2
370020	1 2 2
370300	1 2 2
370580	1 2 2
379540	0 0 2
380660	0 0 2
384580	0 0 2
384860	0 0 2
388220	1 2 2
388500	1 2 2
388780	1 2 2
389060	0 0 2
389900	1 2 2
390180	1 1 2
390460	1 1 2
390740	1 1 2
391020	0 0 2
393540	0 0 2
393820	0 0 2
394100	0 0 2
394380	0 0 2
394660	0 0 2
394940	0 0 2
396900	1 1 2
397180	1 1 2
397460	1 1 2
455700	1 2 2
459060	0 0 2
459340	0 0 2
463820	1 2 2
464100	1 2 2
466060	0 0 2
466620	0 0 2
466900	0 0 2
467180	1 2 2
467460	1 2 2
467740	1 2 2
468860	1 2 2
469140	1 2 2
470260	0 0 2
470540	0 0 2
471100	0 0 2
471380	0 0 2
473340	0 0 2
473620	0 0 2
474180	0 0 2
