420	0 0 1
3500 0 0 1
3780	0 0 1
4060	0 0 1
4340	0 0 1
8540	2 2 1
8820	2 2 1
9100	0 0 1
9380	0 0 1
18620	0 0 1
23380	1 2 1
23660	1 2 1
24500	0 0 1
24780	0 0 1
25340	0 0 1
25620	0 0 1
28980	0 0 1
29260	0 0 1
30940	0 0 1
31220	0 0 1
91140	1 3 1
91420	1 3 1
91700	1 3 1
98140	0 0 1
98700	1 2 1
98980	1 2 1
108780	0 0 1
109060	0 0 1
109620	1 2 1
109900	1 2 1
110180	1 2 1
111580	1 2 1
111860	1 2 1
112140	1 2 1
113540	0 0 1
183820	0 0 1
184100	0 0 1
189980	0 0 1
190540	0 0 1
190820	0 0 1
191100	0 0 1
197260	1 2 1
197540	1 2 1
202300	1 2 1
202580	1 2 1
204820	1 2 1
205100	1 2 1
208740	1 2 1
209020	1 2 1
209300	1 2 1
216580	0 0 1
216860	0 0 1
217980	0 0 1
218260	0 0 1
288540	0 0 1
288820	0 0 1
400260	0 0 1
402220	0 0 1
443380	1 1 1
443660	1 1 1
443940	1 1 1
444500	1 1 1
444780	1 1 1
445620	1 2 1
445900	1 2 1
446180	1 2 1
454020	2 1 1
454300	2 1 1
459900	0 0 1
460180	0 0 1
462980	1 2 1
463260	1 2 1
463540	1 2 1
