1820 0 0 1
2100	0 0 1
2660	1 2 1
2940	1 2 1
3220	1 2 1
34860	1 2 1
35140	1 2 1
36260	1 2 1
36540	1 2 1
37100	0 0 1
44660	1 1 1
44940	1 1 1
45500	0 0 1
49420	0 0 1
49700	0 0 1
51380	0 0 1
52780	0 0 1
53060	1 2 1
53340	1 2 1
53620	1 2 1
55020	0 0 1
55300	0 0 1
55580	0 0 1
55860	0 0 1
56140	0 0 1
56420	0 0 1
58380	0 0 1
58660	0 0 1
70420	1 2 1
70700	1 2 1
70980	1 2 1
75460	0 0 1
75740	0 0 1
76020	0 0 1
76300	0 0 1
76580	0 0 1
77420	0 0 1
77700	0 0 1
77980	0 0 1
81900	0 0 1
82180	0 0 1
91420	1 2 1
91700	1 2 1
93100	1 2 1
93380	1 2 1
133700	1 2 1
133980	1 2 1
134820	0 0 1
149100	0 0 1
149380	0 0 1
149660	0 0 1
153300	0 0 1
153580	1 2 1
153860	1 2 1
160860	0 0 1
161980	0 0 1
359100	1 2 1
359380	1 2 1
359660	1 2 1
392420	1 1 1
392700	1 1 1
399980	1 1 1
408940	1 1 1
409220	1 1 1
415940	0 0 1
416220	0 0 1
