11340	1 2 1
11620	1 2 1
45220	1 1 1
50540	0 0 1
50820	0 0 1
51660	0 0 1
51940	0 0 1
53060	1 1 1
55300	0 0 1
55580	0 0 1
64540	0 0 1
64820	0 0 1
65940	0 0 1
76020	0 0 1
76300	0 0 1
76580	0 0 1
77420	0 0 1
77700	0 0 1
77980	0 0 1
78260	0 0 1
78540	0 0 1
78820	0 0 1
79100	0 0 1
84980	0 0 1
85260	0 0 1
85540	0 0 1
85820	0 0 1
86100	0 0 1
86380	0 0 1
86660	0 0 1
86940	0 0 1
87220	0 0 1
87500	0 0 1
87780	0 0 1
88060	1 2 1
88340	1 2 1
88620	1 2 1
88900	1 2 1
89180	1 2 1
89740	0 0 1
90020	0 0 1
90300	0 0 1
90580	0 0 1
91140	1 2 1
91420	1 2 1
91700	1 2 1
104580	0 0 1
104860	0 0 1
107380	0 0 1
107660	0 0 1
107940	0 0 1
108220	0 0 1
112420	0 0 1
113820	0 0 1
189420	0 0 1
189980	0 0 1
190260	0 0 1
190540	1 2 1
190820	1 2 1
191380	0 0 1
192780	1 2 1
193060	1 2 1
265300	1 1 1
265580	1 1 1
266980	0 0 1
267260	0 0 1
272300	0 0 1
272580	0 0 1
278180	1 1 1
281540	1 2 1
281820	1 2 1
282380	0 0 1
285740	0 0 1
286020	0 0 1
287700	0 0 1
287980	0 0 1
305340	0 0 1
305620	0 0 1
309260	1 2 1
320740	1 2 1
321020	1 2 1
321300	1 2 1
423500	0 0 1
447860	1 2 1
448140	1 2 1
453460	0 0 1
453740	0 0 1
