8540	1 2 2
8820	1 2 2
31500	1 2 2
48300	1 2 2
49420	0 0 2
50820	1 2 2
54460	1 2 2
54740	1 2 2
61740	0 0 2
62020	0 0 2
62580	1 2 2
62860	1 2 2
67900	1 2 2
68180	1 2 2
70700	0 0 2
70980	0 0 2
71260	0 0 2
71540	0 0 2
71820	0 0 2
72100	0 0 2
72380	0 0 2
72660	0 0 2
72940	0 0 2
73220	0 0 2
79380	0 0 2
79940	1 2 2
80220	1 2 2
80500	1 2 2
80780	1 2 2
81060	0 0 2
81340	0 0 2
81620	0 0 2
81900	0 0 2
82180	0 0 2
82460	1 3 2
82740	1 3 2
83020	1 3 2
83580	0 0 2
83860	0 0 2
84140	0 0 2
84420	0 0 2
84700	0 0 2
84980	0 0 2
85260	0 0 2
85820	1 3 2
86100	1 3 2
86380	1 3 2
105420	0 0 2
105700	0 0 2
105980	0 0 2
106260	0 0 2
112980	1 2 2
113260	1 2 2
193060	0 0 2
193340	0 0 2
193900	0 0 2
194180	0 0 2
194460	0 0 2
194740	0 0 2
195020	0 0 2
195300	0 0 2
195580	0 0 2
196420	0 0 2
196700	0 0 2
197260	1 2 2
197540	1 2 2
198100	1 2 2
198380	1 2 2
201460	0 0 2
201740	0 0 2
202020	0 0 2
202300	0 0 2
202580	0 0 2
203140	1 2 2
203420	1 2 2
203700	1 2 2
203980	0 0 2
204260	0 0 2
207620	1 2 2
207900	1 2 2
208180	0 0 2
210700	1 2 2
210980	1 2 2
263340	1 2 2
263620	1 2 2
264180	0 0 2
264460	0 0 2
264740	0 0 2
265020	0 0 2
268940	0 0 2
269220	0 0 2
269500	1 2 2
269780	1 2 2
270060	1 2 2
289380	1 2 2
289660	1 2 2
289940	1 2 2
290220	1 2 2
290500	1 2 2
290780	0 0 2
291620	0 0 2
291900	0 0 2
292180	0 0 2
292460	0 0 2
293300	0 0 2
293580	0 0 2
307580	1 2 2
307860	1 2 2
308140	1 2 2
311500	1 2 2
311780	1 2 2
316820	1 2 2
317100	1 2 2
317380	1 2 2
317660	0 0 2
318500	0 0 2
318780	0 0 2
319060	0 0 2
319340	0 0 2
319620	0 0 2
319900	0 0 2
320180	0 0 2
320460	1 2 2
320740	1 2 2
321020	1 2 2
321300	1 2 2
328300	0 0 2
328580	0 0 2
363300	1 2 2
363580	1 2 2
363860	1 2 2
364140	1 2 2
374780	0 0 2
375900	0 0 2
380940	1 2 2
381220	1 2 2
382620	0 0 2
382900	0 0 2
383180	0 0 2
383460	0 0 2
384020	1 2 2
384300	1 2 2
389620	0 0 2
389900	0 0 2
443940	0 0 2
444220	0 0 2
448140	0 0 2
448420	0 0 2
448700	0 0 2
455420	0 0 2
455700	0 0 2
455980	0 0 2
466620	1 2 2
466900	1 2 2
467460	1 2 2
467740	1 2 2
469140	1 2 2
469420	1 2 2
469700	1 2 2
471100	0 0 2
471380	0 0 2
