19460	0 0 2
20580	0 0 2
20860	0 0 2
27020	1 2 2
27300	1 2 2
31780	0 0 2
32060	0 0 2
34580	1 2 2
34860	1 2 2
35140	0 0 2
38500	1 2 2
38780	1 2 2
39060	1 2 2
39340	1 2 2
47460	0 0 2
47740	0 0 2
48020	0 0 2
48300	0 0 2
48580	0 0 2
49700	0 0 2
49980	0 0 2
50260	0 0 2
207900	0 0 2
208180	0 0 2
227780	0 0 2
245420	1 2 2
251020	0 0 2
251300	0 0 2
251580	1 2 2
251860	1 2 2
252140	1 2 2
259140	1 2 2
259420	1 2 2
259700	1 2 2
264740	1 2 2
265020	1 2 2
267820	0 0 2
268100	0 0 2
282380	1 2 2
