8540	1 2 2
8820	1 2 2
26460	0 0 2
28140	0 0 2
31780	0 0 2
32060	0 0 2
32340	0 0 2
39620	1 2 2
39900	1 2 2
40460	0 0 2
41020	0 0 2
41300	0 0 2
42700	0 0 2
44940	1 2 2
45220	1 2 2
46620	0 0 2
46900	0 0 2
48580	0 0 2
55300	0 0 2
55580	0 0 2
56420	0 0 2
64820	0 0 2
65100	0 0 2
67060	0 0 2
67340	0 0 2
67620	0 0 2
67900	0 0 2
68180	0 0 2
68740	1 1 2
69020	1 1 2
69300	1 1 2
69580	1 1 2
70140	0 0 2
70420	0 0 2
88340	1 1 2
88620	1 1 2
88900	1 1 2
89180	1 1 2
89460	0 0 2
90300	0 0 2
90580	0 0 2
90860	0 0 2
91140	0 0 2
91420	0 0 2
91980	1 2 2
92260	1 2 2
92540	1 2 2
92820	0 0 2
93100	1 2 2
93380	1 2 2
93660	1 2 2
93940	1 2 2
94220	1 2 2
94500	0 0 2
94780	0 0 2
95060	1 2 2
95340	1 2 2
95620	1 2 2
96180	0 0 2
107940	0 0 2
108220	0 0 2
108500	0 0 2
108780	0 0 2
111300	0 0 2
111580	0 0 2
113820	1 2 2
114100	1 2 2
115780	1 1 2
116060	1 1 2
117460	1 1 2
117740	1 1 2
118020	1 1 2
118580	0 0 2
118860	0 0 2
119140	0 0 2
119420	0 0 2
119700	0 0 2
119980	0 0 2
120260	0 0 2
120820	0 0 2
121100	0 0 2
122780	0 0 2
123060	0 0 2
124180	0 0 2
124460	0 0 2
124740	0 0 2
132300	0 0 2
132860	0 0 2
133140	0 0 2
135100	1 2 2
135380	1 2 2
135660	1 2 2
137060	0 0 2
137340	0 0 2
137620	0 0 2
138180	1 2 2
138460	1 2 2
139020	0 0 2
139300	0 0 2
139860	0 0 2
140140	0 0 2
142940	1 2 2
143220	1 2 2
143780	0 0 2
144060	0 0 2
144620	1 2 2
144900	1 2 2
145180	1 2 2
145740	0 0 2
149380	1 2 2
149660	1 2 2
149940	1 2 2
153020	1 1 2
153300	1 1 2
256340	1 2 2
256620	1 2 2
256900	1 2 2
257180	0 0 2
257460	0 0 2
257740	0 0 2
258020	0 0 2
258300	0 0 2
259140	0 0 2
261940	0 0 2
262220	0 0 2
262500	1 2 2
262780	1 2 2
263060	1 2 2
305340	1 2 2
305620	1 2 2
305900	1 2 2
306180	1 2 2
306740	0 0 2
307020	0 0 2
308140	0 0 2
308420	0 0 2
308980	0 0 2
310100	0 0 2
311220	0 0 2
311500	0 0 2
326900	0 0 2
327180	0 0 2
330540	0 0 2
330820	0 0 2
335580	1 1 2
335860	1 1 2
336140	1 1 2
336420	0 0 2
337260	0 0 2
337540	0 0 2
338380	0 0 2
338660	0 0 2
338940	0 0 2
339220	0 0 2
339500	1 1 2
339780	1 1 2
340060	1 1 2
347340	0 0 2
364980	0 0 2
365260	0 0 2
366380	1 1 2
366660	1 1 2
368900	1 2 2
369180	1 2 2
370300	1 2 2
370580	1 2 2
370860	1 2 2
371140	1 2 2
371420	1 2 2
380100	0 0 2
380380	0 0 2
380940	0 0 2
381220	0 0 2
385140	0 0 2
385420	0 0 2
387100	0 0 2
387380	0 0 2
387660	0 0 2
387940	0 0 2
388500	1 2 2
388780	1 2 2
391300	1 2 2
391580	1 2 2
394100	0 0 2
394380	0 0 2
398580	1 2 2
398860	1 2 2
399140	1 2 2
401100	1 2 2
401380	1 2 2
401660	1 2 2
401940	0 0 2
406700	1 2 2
406980	1 2 2
407260	1 2 2
475860	0 0 2
